image_width: 320
image_height: 240
camera_name: raspicam
camera_matrix:
  rows: 3
  cols: 3
  data: [650.538189, 0.000000, 179.550084, 0.000000, 649.040949, 146.413739, 0.000000, 0.000000, 1.000000]
distortion_model: plumb_bob
distortion_coefficients:
  rows: 1
  cols: 5
  data: [0.130030, 0.451700, 0.010627, 0.005380, 0.000000]
rectification_matrix:
  rows: 3
  cols: 3
  data: [1.000000, 0.000000, 0.000000, 0.000000, 1.000000, 0.000000, 0.000000, 0.000000, 1.000000]
projection_matrix:
  rows: 3
  cols: 4
  data: [658.666504, 0.000000, 179.212831, 0.000000, 0.000000, 655.944946, 146.575173, 0.000000, 0.000000, 0.000000, 1.000000, 0.000000]
