# oST version 5.0 parameters


[image]

width
320

height
240

[narrow_stereo]

camera matrix
650.538189 0.000000 179.550084
0.000000 649.040949 146.413739
0.000000 0.000000 1.000000

distortion
0.130030 0.451700 0.010627 0.005380 0.000000

rectification
1.000000 0.000000 0.000000
0.000000 1.000000 0.000000
0.000000 0.000000 1.000000

projection
658.666504 0.000000 179.212831 0.000000
0.000000 655.944946 146.575173 0.000000
0.000000 0.000000 1.000000 0.000000

